# x y
0.300000 0.149000
0.350000 0.149000
0.400000 0.149000
0.450000 0.149000
0.300000 0.401000
0.350000 0.401000
0.400000 0.401000
0.450000 0.401000
0.249000 0.200000
0.249000 0.250000
0.249000 0.300000
0.249000 0.350000
0.501000 0.200000
0.501000 0.250000
0.501000 0.300000
0.501000 0.350000
0.630000 0.599000
0.660000 0.599000
0.690000 0.599000
0.720000 0.599000
0.630000 0.851000
0.660000 0.851000
0.690000 0.851000
0.720000 0.851000
0.599000 0.650000
0.599000 0.700000
0.599000 0.750000
0.599000 0.800000
0.751000 0.650000
0.751000 0.700000
0.751000 0.750000
0.751000 0.800000
